Kingdom	Phylum	Class	Order	Family	Genus	Case MRA	Control MRA	MRAR	KW TSS	KW CLR	KW rCLR	t-test TSS	t-test CLR	t-test rCLR	GLM TSS	GLM CLR	GLM rCLR	ANCOM	ANCOM-BC	ALDEx2 t-test	ALDEx2 Wilcoxon	baySeq	DESeq2	edgeR RLE	edgeR TMM	fitFeatureModel	fitZIG	GLM NBZI	limma-voom	SAMseq	LEfSe	N methods detected by
Bacteria	Firmicutes	Clostridia	Clostridiales	Ruminococcaceae	UBA1819	0.00460399689646811	0.00235698634042661	1.95334050838614	0.00851422324032013	0.0800391079030815	0.00260101308615198	0.00913729573969055	0.0185289350425069	0.161187083763188	0.0122352400187658	0.0241390887837655	0.17040877111021	1	0.025056424143653	0.102038683774531	0.0518433027939487	0.0561847185905418	0.42076940582231	0.00388785330037322	0.199885384988305	0.0536082761277144	0.000466086519158016	0.166779931856679	0.00816693819008059	0	0.0085142232403025	12
Bacteria	Firmicutes	Clostridia	Clostridiales	Ruminococcaceae	Subdoligranulum	0.0124854821802066	0.0137368492994349	0.908904357036245	0.647158842772368	0.530915116725862	0.909987945265406	0.306291460993514	0.50920388844779	0.915905015139768	0.307761818741847	0.506587357407245	0.920582671578367	1	0.422585084161413	0.519129143833654	0.563968029666724	0.638897724814965	0.71387289276514	0.388914560899919	0.832689682910528	0.784639047688952	0.653081124577027	0.866322813045116	0.648023743929657	0.25564	1	0
Bacteria	Firmicutes	Clostridia	Clostridiales	Ruminococcaceae	Faecalibacterium	0.0369431781304131	0.0582674806936555	0.634027380120377	0.00180061977226684	0.000512959563292169	0.000194923888794337	0.0010578702869247	0.0025052624946643	0.00152248022811711	0.00154682580965542	0.003865405096935	0.00210125074921584	0	0.00173707734929892	0.0140742074934106	0.00042492895059739	0.551380047499305	0.0773382432820059	0.0415522128018036	0.111129629775584	0.00176776754092706	0.000120849887543981	0.0183646090708017	0.0185668602542871	0	0.00180061977226833	20
Archaea	Euryarchaeota	Methanobacteria	Methanobacteriales	Methanobacteriaceae	Methanobrevibacter	0.000648358530391103	0.000470510986471789	1.3779880789882	0.0321427216703268	0.361441329356742	0.0329018363123676	0.00979448515477357	0.0322450537541669	0.746894643392444	0.0171299624782053	0.0494074662857078	0.737747509140614	1	0.0604567926680042	0.310829876376865	0.242450585192606	0.162914469940098	0.0179016360114567	0.0385973098557709	0.693212682547535	0.0174910564924476	6.71989941722615e-07	0.990405758004361	0.0323056255765217	0.01549	0.032142721670325	13
Bacteria	Proteobacteria	Gammaproteobacteria	NA	NA	NA	0.000161928466059678	0.000204964450639905	0.790031957025388	0.798860809742592	0.403782200841089	0.572817041548407	0.854617557047165	0.641929076030962	0.533978940458175	0.852150523158077	0.64652983366719	0.526121015050426	1	0.482346344184264	0.705774986482841	0.72242445996454	0.00340982149839624	1	0.0565501237664154	0.398899447088529	0.784639047688952	0.113094791608646	0.309964312854367	0.868608857386849	1	1	1
Bacteria	Proteobacteria	Gammaproteobacteria	Pseudomonadales	Moraxellaceae	Acinetobacter	0.0106741312755817	0.0138750401431137	0.769304532850624	0.629167837230145	0.158393729132844	0.000558727848401417	0.983730115247546	0.50920388844779	0.854280455553046	0.984203178850304	0.506587357407245	0.847429767459037	1	0.422585084161413	0.61339188933261	0.549426411831978	0.647289581327873	0.896400152525178	0.0483817950454851	0.580641724708	0.941017484916052	1.84875396427242e-09	0.863069206658175	0.433629998541163	0.3574	1	3
Bacteria	Verrucomicrobia	Verrucomicrobiae	Verrucomicrobiales	Akkermansiaceae	Akkermansia	0.055872043764896	0.0222557624245432	2.51045291997193	0.00731109180728468	0.0286243215126413	0.00193079624085006	0.00648596990167514	0.0172198013307544	0.00484863314001222	0.00987485944911929	0.0206868103433481	0.00698879852657576	1	0.0212089247481552	0.0743733238576072	0.0269032101047245	0.183548600868827	0.00907769438008056	0.000238688891021106	0.0158812647395037	0.0224776794330202	0.000836186622677473	0.000941373894435672	0.0185668602542871	0	0.00731109180728033	20
Bacteria	Tenericutes	Mollicutes	Izimaplasmatales	NA	NA	0.00126243656559211	0.000770475073122781	1.63851707813905	0.798860809742592	0.530915116725862	0.00111411435669787	0.795530395102856	0.881330761594304	0.419137288726683	0.803572482817853	0.883967297482118	0.448337723365206	1	0.763049753211257	0.752529917986347	0.745988181570262	0.448894158095079	0.813954559104531	0.0952868309052019	0.545667383751941	0.941017484916052	0.588277544544862	0.415882719454637	0.505280240264676	1	1	1
Bacteria	Proteobacteria	Alphaproteobacteria	Rhodospirillales	NA	NA	0.0039669005353309	0.00497620043191726	0.79717458924831	0.464048384530773	0.369024815350009	0.000166261267458711	0.339730088899048	0.312769485400787	0.699262040469174	0.317524357376175	0.309325424809367	0.683979519670866	1	0.2594311783644	0.484652253316867	0.490744417947282	0.636011436629293	0.573237422127663	0.637491457400284	0.846028525974286	0.387138273097026	0.0683718950911009	0.834418788330854	0.305749432066373	0.30165	1	1
Bacteria	Proteobacteria	Gammaproteobacteria	Pseudomonadales	Pseudomonadaceae	Pseudomonas	0.0233549333321455	0.01671977261855	1.39684515244149	0.852809673264181	0.403782200841089	0.0357209197118979	0.983730115247546	0.783677635287537	0.625297492836214	0.984203178850304	0.78501651513859	0.623369103181329	1	0.74324092531033	0.759994500518909	0.69992037542893	0.657911326918076	0.765437266050932	0.700987257467432	0.767864001099487	0.941017484916052	0.214891595240321	0.450827674680855	0.852436338172872	1	1	1
Bacteria	Bacteroidetes	Bacteroidia	Bacteroidales	Prevotellaceae	Paraprevotella	0.00244570115645951	0.00296912948104077	0.823709835517925	0.723273081285802	0.6710256217297	9.86198567219117e-06	0.941431799603983	0.835358051669326	0.0176795638811759	0.942281203032007	0.837298107964759	0.0220450963462578	1	0.763049753211257	0.796771119868116	0.777684768116473	0.66047941599096	0.733901936067643	0.920851507737806	0.793063913662086	0.425797208083723	0.412433717590158	0.399600350698753	0.938635621672455	1	1	3
Bacteria	Bacteroidetes	Bacteroidia	Bacteroidales	Barnesiellaceae	Coprobacter	0.000276100613560064	0.00051948229873203	0.53149186071206	0.642154610553654	0.158393729132844	0.000740805624311785	0.550313227699292	0.245748475497372	0.361548729601726	0.532643314214552	0.228962100562298	0.33951333145528	1	0.168375736381595	0.544595157410767	0.564015924518541	0.0015887959956615	0.573237422127663	4.43418555320321e-05	0.383147089652072	0.486265015112849	0.00178479670541165	0.17625633366119	0.393709930879652	1	1	4
Bacteria	Bacteroidetes	Bacteroidia	Bacteroidales	Prevotellaceae	Prevotella	0.00415163937204702	0.00151292822736515	2.7441086080318	0.00654118236936788	0.0369716621438127	0.0204738483957971	0.00946021748428681	0.00698584994656457	0.881533152107789	0.0151292133646948	0.0101177675662646	0.89269548178042	1	0.0094854291783829	0.0777060536184019	0.0584393157371234	0.287508535982683	0.00872728825983543	6.97992508568241e-05	0.0175804383083371	0.113493013231176	0.000409479392376959	0.142510334610607	0.0185668602542871	0	0.0065411823693675	15
Bacteria	Bacteroidetes	Bacteroidia	Bacteroidales	Prevotellaceae	Prevotella_9	0.0109402343516544	0.0168763203803278	0.648259460895697	0.925293164285873	0.530915116725862	0.889697134318474	0.531933746254671	0.610467064803207	0.352790662734434	0.501026478653213	0.599978262422515	0.351706350555821	1	0.540408106293358	0.722879400130191	0.730516688091321	0.627075250397267	0.42076940582231	0.366902538118784	0.657529066472541	0.23291711781059	0.0575692948465353	0.450827674680855	0.49529978868222	1	1	0
Bacteria	Bacteroidetes	Bacteroidia	Bacteroidales	Prevotellaceae	Prevotella_7	0.00105735381085229	0.00321328854642264	0.329056602162119	0.635180814961847	0.848929892893379	0.00015788121512561	0.983730115247546	0.972632679630616	0.563651775245627	0.984203178850304	0.972001328352136	0.526121015050426	1	0.929667433881163	0.752916052064767	0.740211899573508	0.607936323100243	0.893766793436655	3.93874105638635e-06	0.281850981388898	0.935663625794382	0.847635346048875	0.0468535816533879	0.624239455795516	0.16835	1	3
Bacteria	Bacteroidetes	Bacteroidia	Bacteroidales	Prevotellaceae	Prevotella_6	0.00205343385492455	0.000487645862067803	4.2109120873439	0.14527433773359	0.588245730354086	0.0293626712646978	0.0643568291457944	0.154787575623473	0.915905015139768	0.0854903625452848	0.194750107391094	0.920582671578367	1	0.213149449730379	0.449751035879727	0.488025074440273	0.142475470878039	0.0553466379933343	1.79769828230672e-13	0.0110618645335972	0.23291711781059	0.00602018828562292	0.0173884428728405	0.108011826233722	0.03486	1	6
Bacteria	Bacteroidetes	Bacteroidia	Bacteroidales	Porphyromonadaceae	Porphyromonas	0.00355602373257254	0.000834898781748076	4.25922735822788	0.00180061977226684	0.0106644219099897	0.00238939636497723	0.0010578702869247	0.00168709207176446	0.352790662734434	0.0024499726753332	0.00385613064630801	0.394906271777218	1	0.00215313289820721	0.0378623302659678	0.0278019519027849	0.00940409769227665	0.000609416076274293	1.79769828230672e-13	0.00545999400877044	0.0741198201957406	0.000868241281570876	0.00264894030483104	0.00375667462314157	0	0.00180061977226833	19
Bacteria	Bacteroidetes	Bacteroidia	Bacteroidales	Bacteroidaceae	Bacteroides	0.224363901995921	0.25664888592612	0.874205633842133	0.0737056930007774	0.0539765094071015	0.0335017766636313	0.315459775520606	0.0962280388714387	0.300908834307345	0.317524357376175	0.097059481493548	0.304000451376419	1	0.0428994848509719	0.114701203178255	0.0584369226863542	0.590617517988832	0.0375902771541182	0.154576248272607	0.238684899085272	0.907693824003984	0.0797543966541022	0.135496859402159	0.28801493881996	0.02922	1	4
Bacteria	Bacteroidetes	Bacteroidia	NA	NA	NA	0.000577130236242297	0.000193393829604555	2.98422259604867	0.217182963792414	0.912264135525645	0.119764756692258	0.13978991434825	0.333078999554555	0.647961508564254	0.169881195629453	0.366267188990953	0.644142509839981	1	0.4600874833838	0.577970361477331	0.600245538159454	0.00528391724336137	0.0846340528385773	3.88060225785464e-07	0.0261710708037801	0.214717273600591	0.00435725339911525	0.00479123975972264	0.140189018840225	0.10226	1	5
Bacteria	Bacteroidetes	Bacteroidia	Bacteroidales	Barnesiellaceae	Barnesiella	0.00664293161652955	0.00600770254205539	1.10573577337217	0.682228673355532	0.690954300552423	0.17508753618909	0.99864614180866	0.758677845514239	0.623994262250176	0.99862873141965	0.758145263213408	0.617593936521925	1	0.808074430593078	0.779769963566495	0.814558305776325	0.5470721112719	0.965766893965398	0.771178293205424	0.729625724072108	0.982430427639526	0.874716280066117	0.962813251970307	0.572429243455513	1	1	0
Bacteria	Bacteroidetes	Bacteroidia	Bacteroidales	NA	NA	0.00221528242745708	0.0013939504315481	1.58921176630135	0.240995883228956	0.354637053678741	0.85858694524085	0.403995635635352	0.26477287224992	0.625297492836214	0.415760481216518	0.280834718594967	0.623369103181329	1	0.34769313297707	0.508100537557994	0.435075397666319	0.383545213247788	0.573237422127663	0.0694735638430597	0.302947297349779	0.358171767049003	0.0355402597744503	0.148593767097433	0.269413631677102	0.07866	1	1
Bacteria	Bacteroidetes	Bacteroidia	Bacteroidales	Muribaculaceae	NA	0.00334846094413248	0.00783582289381592	0.427327287702624	0.635180814961847	0.178069394312184	0.0335017766636313	0.496283327030184	0.241519235754433	0.628399745611533	0.47426418300487	0.222070085592725	0.623369103181329	1	0.187071442714962	0.480811804846264	0.534153212040035	0.611255697670111	0.421120910264955	0.0128728277573451	0.194679054142361	0.265844126083975	0.0481161376791152	0.145387812996636	0.541646724456888	0.30165	1	3
Bacteria	Bacteroidetes	Bacteroidia	Bacteroidales	Marinifilaceae	Odoribacter	0.00240298660316164	0.00244148351519931	0.9842321638471	0.596060438498355	0.530915116725862	0.171161926215061	0.446788602909712	0.374315180109243	0.315461826570182	0.441431356318702	0.366267188990953	0.326728126842466	1	0.466206269010752	0.416830215542578	0.65698274205102	0.604571586573458	0.876078867942875	0.925000355691258	0.935221154801	0.956300758925447	0.601145067941208	0.430912418982956	0.233629620261624	0.16835	1	0
Bacteria	Bacteroidetes	Bacteroidia	Bacteroidales	Tannerellaceae	Parabacteroides	0.0318028472744103	0.0241632152991391	1.31616785600314	0.147632085864562	0.403782200841089	0.139257499871465	0.451533229831122	0.241754465893055	0.260286993199003	0.451945024582456	0.228962100562298	0.27417564744621	1	0.309635021169511	0.361238200636073	0.548778865028747	0.571846812429883	0.71387289276514	0.252162385664566	0.238684899085272	0.452056120457994	0.399708179145729	0.151730817665425	0.154126536105171	0.07866	1	0
Bacteria	Bacteroidetes	Bacteroidia	Bacteroidales	Rikenellaceae	Alistipes	0.0404503362155615	0.0348529944443294	1.16059859017775	0.268913868117518	0.488584244086779	0.282329907225001	0.446788602909712	0.241519235754433	0.458951742089404	0.445833581219388	0.222070085592725	0.448337723365206	1	0.307701342757299	0.349743897255155	0.656912264644256	0.644535110119534	0.705222739432349	0.300888905827333	0.565662938626342	0.47414729489249	0.505899287360655	0.571065219918586	0.154126536105171	0.16835	1	0
Bacteria	Proteobacteria	Deltaproteobacteria	Desulfovibrionales	Desulfovibrionaceae	Bilophila	0.00448425529598831	0.00297217085806445	1.50874748126309	0.045338896351754	0.143853596196137	0.909987945265406	0.0671113993008077	0.0645956412117187	0.652782531125625	0.0699019224026048	0.0679577086092832	0.660265277790864	1	0.0875128614226404	0.166368503782159	0.14483349834365	0.304803439993826	0.42076940582231	0.016517885403292	0.238684899085272	0.242118570845376	0.185575007710479	0.209640120445088	0.0393224360906343	0	0.0453388963516563	5
Bacteria	Proteobacteria	Deltaproteobacteria	Desulfovibrionales	Desulfovibrionaceae	Desulfovibrio	0.00159614939681096	0.00134359589140126	1.18796835196207	0.0277560157884253	0.186886361891999	0.345231211433621	0.0421539227996309	0.059455060117407	0.920208786894607	0.0485534091831912	0.0679577086092832	0.920582671578367	1	0.0841512296583104	0.221691613408912	0.152853607519339	0.213411198386634	0.895685330388624	0.442336288046874	0.619247351537573	0.215232666180075	0.00185833007302021	0.47538087151776	0.026261851307637	0	0.0277560157884504	7
Bacteria	Proteobacteria	Gammaproteobacteria	Enterobacteriales	Enterobacteriaceae	NA	0.0407589269127261	0.0349914909174269	1.16482395702742	0.732407738020287	0.746371539086435	0.269492723304214	0.854617557047165	0.909179379128587	0.699262040469174	0.854208821442041	0.910122818178206	0.696469473150766	1	0.949241457761741	0.866826723489058	0.883326005108527	0.65268003567564	0.794094837673868	0.913176331630467	0.980923563248701	0.855261732794113	0.412433717590158	0.782984018629555	0.774522036338741	1	1	0
Bacteria	Proteobacteria	Gammaproteobacteria	Enterobacteriales	Enterobacteriaceae	Escherichia/Shigella	0.120156846357465	0.139097335196811	0.863832841854616	0.805100179663586	0.660256462183721	0.171161926215061	0.864048170664866	0.8214504602391	0.392179039190039	0.861335191170403	0.822668657016243	0.394906271777218	1	0.763049753211257	0.906751781256534	0.762552179672149	0.650005277580676	0.35414606042392	0.160217008593402	0.457691247653176	0.376669056478956	0.228212194010785	0.492469370052076	0.933421147101474	1	1	0
Bacteria	Epsilonbacteraeota	Campylobacteria	Campylobacterales	Campylobacteraceae	Campylobacter	0.000865996364135623	0.000242905161883879	3.56516245854673	0.119165345048905	0.5438435548252	0.0740346379565994	0.197448036397197	0.19114903430084	0.638945212991275	0.212911464976585	0.21456664046752	0.644142509839981	1	0.261892005040934	0.484958693210257	0.508662992191699	0.0298952349132487	0.246695117963843	1.64467670967444e-12	0.00363260355376075	0.376669056478956	0.0262995328260787	0.0246265428093733	0.0516980274255715	0.07866	1	5
Bacteria	Cyanobacteria	Melainabacteria	Gastranaerophilales	NA	NA	0.00108985447356655	0.00114026666962284	0.955789117230829	0.983426361048752	0.354637053678741	0.0024765679612092	0.809643481463975	0.835358051669326	0.874468637124009	0.820071414339043	0.837298107964759	0.866147853311998	1	0.74324092531033	0.733421818854215	0.697517195184861	0.509704832023395	0.241949396479355	0.925000355691258	0.911489642422613	0.858983692876418	0.00546771463039606	0.982110554272966	0.915939993583948	1	1	2
Bacteria	Proteobacteria	Gammaproteobacteria	Pasteurellales	Pasteurellaceae	Haemophilus	0.000290247836027256	0.00175440410608642	0.165439555812895	0.0385924667391883	0.0843333848717529	0.072926185656007	0.0124886964110927	0.0172198013307544	0.647961508564254	0.00363731028015839	0.008228626203411	0.623369103181329	1	0.00805938781827503	0.204473987695012	0.25568808808575	0.0685860496120768	0.154522195452383	1.14162263882593e-16	0.00182412839559504	0.0224776794330202	1.27880392270763e-11	0.0154433630150069	0.00582698453533289	0.11869	0.0385924667391787	13
Bacteria	Proteobacteria	Deltaproteobacteria	Desulfovibrionales	Desulfovibrionaceae	NA	0.000136879480965297	7.84789439254127e-05	1.74415549087139	0.289968516014035	0.938393521762036	2.41629455500813e-05	0.349428055888306	0.744109392037456	0.0158793589256222	0.371954158298464	0.758145263213408	0.0181313373754867	1	0.943013455986622	0.685398054886486	0.690985016051282	6.11303634641125e-06	1	0.0415522128018036	0.657529066472541	0.610903653505796	1.08983032165878e-07	0.763683422009211	0.362189271666947	0.18727	1	6
Bacteria	Bacteroidetes	Bacteroidia	Bacteroidales	Marinifilaceae	Butyricimonas	0.00206692593822865	0.00159530185416504	1.29563313227042	0.248949257650419	0.369024815350009	0.360185665027552	0.540304267660881	0.369110155729009	0.625297492836214	0.528349947126809	0.370569851960573	0.623369103181329	1	0.454951496283188	0.487600701884058	0.449952131213859	0.278460557134926	0.765437266050932	0.262257549189458	0.489067739168874	0.876447857383756	0.593540146666973	0.789547309610985	0.233982181910589	0.12985	1	0
Bacteria	Firmicutes	Clostridia	Clostridiales	Family_XI	Ezakiella	0.0073521043515871	0.00219618500508221	3.34767077207683	0.0321427216703268	0.186886361891999	0.384103851840965	0.0186281847862209	0.0172198013307544	0.161940254987874	0.0275928308551292	0.0266337833123997	0.17040877111021	1	0.0242753817874133	0.154611759721345	0.146006587237182	0.353922939665225	0.0010061730668329	1.13562332641014e-07	0.0545013521570748	0.0121640696167378	1.05623655221495e-05	0.00993284583040177	0.0144879093476613	0	0.032142721670325	14
Bacteria	Firmicutes	Clostridia	Clostridiales	Ruminococcaceae	NA	0.0191369174910867	0.0119631641511919	1.59965350715179	0.0117688510781874	0.0257496924804117	0.0030343631790896	0.255568068047515	0.0557910308396517	0.0158793589256222	0.24478023856935	0.0545212971887931	0.0181313373754867	1	0.0812836334904086	0.194655173677799	0.0414696824577564	0.499522530979958	0.0445099213691159	0.00546612557551419	0.0229995584944899	0.0365731270369906	0.0200371437645674	0.00264894030483104	0.0552586376468267	0	0.01176885107818	14
Bacteria	Firmicutes	Clostridia	Clostridiales	Ruminococcaceae	Butyricicoccus	0.00128055450746724	0.00192725988670019	0.664443086427631	0.00909049416836269	0.00611832537114067	0.758890668996286	0.00264862829174952	0.00347558022489403	0.533978940458175	0.00226460091610668	0.0041886267263768	0.522235408541132	1	0.00177406723536865	0.0296357149970385	0.010477484811494	0.0505079415950751	0.172353642863271	0.0412436871127165	0.164409658564458	0.0365731270369906	0.0236179609006381	0.551233621226455	0.0125686741138984	0	0.00909049416839941	15
Bacteria	Firmicutes	Clostridia	Clostridiales	Ruminococcaceae	Ruminococcaceae_UCG-014	0.00829999887614836	0.00856041793151243	0.969578698441179	0.552952341072288	0.354637053678741	0.0363337923243269	0.346870714922493	0.365901057859772	0.467556269759727	0.34401840996655	0.366267188990953	0.45464274957082	1	0.314371814197725	0.457343513254463	0.450119681350534	0.563885149441844	0.896400152525178	0.493184627505932	0.846658339790579	0.622274123815192	0.386603189809568	0.763683422009211	0.613202182906144	0.25564	1	1
Bacteria	Tenericutes	Mollicutes	Mollicutes_RF39	NA	NA	0.00421348001054754	0.00422277212673356	0.99779952223157	0.959471234153105	0.41541016099099	0.000194923888794337	0.99864614180866	0.8214504602391	0.300908834307345	0.99862873141965	0.822668657016243	0.301362126095993	1	0.74324092531033	0.748756903044613	0.728088470469651	0.630099854612607	0.996360307110311	0.870837015660236	0.779378731603158	0.966527831597035	0.683891095855002	0.962813251970307	0.888279698757357	1	1	1
Bacteria	Firmicutes	Clostridia	Clostridiales	Ruminococcaceae	Ruminiclostridium_5	0.00392046817006762	0.00242409161207146	1.61729373202915	0.268913868117518	0.488584244086779	0.0106549581552725	0.760811144487658	0.534949064704857	0.0655653072206491	0.768603741035077	0.549344443257838	0.073387378555595	1	0.663943482525154	0.772714817674044	0.635612407738207	0.417536188807363	0.11954851892643	0.0130079902203416	0.0704434933807991	0.26442360889341	0.0573272728306783	0.00264894030483104	0.417606794047067	0.10226	1	3
Bacteria	Firmicutes	Clostridia	Clostridiales	Ruminococcaceae	Ruminococcus_2	0.0118591987487909	0.00830367741370091	1.42818635141383	0.852809673264181	0.951677713254245	0.010950997137864	0.713042603497715	0.8214504602391	0.161187083763188	0.720276579598688	0.822668657016243	0.17040877111021	1	0.750661439162323	0.715852556718871	0.897959854885578	0.533685795858485	0.565326273308859	0.300888905827333	0.489067739168874	0.486265015112849	0.231559778332424	0.0106754463333942	0.931447483103566	1	1	2
Bacteria	Actinobacteria	Coriobacteriia	Coriobacteriales	Eggerthellaceae	Eggerthella	0.000162092689478563	0.000222853937307899	0.727349453353447	0.240995883228956	0.555224839005784	0.000166261267458711	0.130774267111987	0.764632137616027	0.135249259200823	0.177042669969005	0.78501651513859	0.15507097151256	1	0.936846374922949	0.67489116360804	0.69852613524736	9.4194851812048e-05	1	0.181729714035472	0.767864001099487	0.414567726696334	8.32685090198758e-18	0.17625633366119	0.401300301686589	0.16835	1	3
Bacteria	Actinobacteria	Coriobacteriia	Coriobacteriales	Eggerthellaceae	NA	0.000110639088866597	0.000102258185336337	1.08195826576322	0.725167906762447	0.41541016099099	0.000166261267458711	0.69064451277013	0.744109392037456	0.109401694437872	0.695681575207381	0.758145263213408	0.111395987305316	1	0.534676303871842	0.713679572201058	0.734779049878697	0.000604526536716705	1	0.918096158411469	0.863433265778589	0.876447857383756	2.14321268652892e-05	0.653069315965064	0.761120443500214	1	1	3
Bacteria	Firmicutes	Clostridia	Clostridiales	Ruminococcaceae	Ruminococcaceae_UCG-004	0.000573802627184702	0.000324485355048146	1.76834676282867	0.0151364792921938	0.0973807390706908	0.000276556419363387	0.043392807126981	0.0327897979511852	0.0296470105025384	0.0497631620510472	0.0405422399718136	0.0348945437154462	1	0.0599922042779992	0.228624159275564	0.170905195939265	0.0812201702345008	0.490041329520649	0.0160836305234489	0.457691247653176	0.234318397062625	0.00222788597239195	0.982110554272966	0.0552586376468267	0	0.0151364792922133	12
Bacteria	Firmicutes	Clostridia	Clostridiales	Christensenellaceae	NA	0.000248691197573776	9.29173562251184e-05	2.67647733079331	0.811402025125188	0.369024815350009	0.0116597573657916	0.854617557047165	0.555743370785078	0.32755399171746	0.854208821442041	0.566742819610796	0.326728126842466	1	0.386632764600412	0.660684637493036	0.657210162751536	4.05723667451507e-06	1	0.134257675741962	0.331466561958177	0.876447857383756	0.309980941180687	0.0194697846487354	0.774522036338741	1	1	3
Bacteria	Firmicutes	Clostridia	Clostridiales	Ruminococcaceae	Angelakisella	0.000151499813756784	0.000185583856677246	0.816341552919994	0.740838273387175	0.530915116725862	0.170461010635824	0.531933746254671	0.535727345715409	0.930733250312356	0.50245857928158	0.548731039790395	0.927601355839596	1	0.386632764600412	0.663778140672964	0.664013801404252	0.000887033282521754	1	1	0.846658339790579	0.530472376543894	0.0772782809033769	0.866322813045116	0.752432650460094	1	1	1
Bacteria	Firmicutes	Clostridia	Clostridiales	Ruminococcaceae	Hydrogenoanaerobacterium	0.000193843107960034	6.22458304655589e-05	3.11415409691238	0.240995883228956	0.824851196779059	5.54822304317757e-05	0.130056052958146	0.530038192979245	0.16889384847966	0.169881195629453	0.564731710414943	0.165218428139844	1	0.750661439162323	0.660676344808373	0.680425629682703	4.95580868564716e-07	1	0.0007371197475185	0.104456343720649	0.215232666180075	7.1711625383956e-15	0.0166501029539268	0.110334513381247	0.12985	1	5
Bacteria	Firmicutes	Clostridia	Clostridiales	Ruminococcaceae	Ruminococcus_1	0.00741593479180186	0.00726297131762568	1.02106072948477	0.446248386077577	0.313406170789586	0.384103851840965	0.163490120658693	0.26477287224992	0.889515507840341	0.169881195629453	0.280834718594967	0.89269548178042	1	0.218222045229693	0.330190356476542	0.314813766475953	0.477999038260934	0.896400152525178	0.97824478423581	0.983702839271041	0.491618015164984	0.309687660972435	0.551233621226455	0.378104661286895	0.17043	1	0
Bacteria	Firmicutes	Clostridia	Clostridiales	Ruminococcaceae	Anaerotruncus	0.000668426504146659	0.000244969987488756	2.72860569982002	0.0286573152611724	0.488584244086779	0.000740805624311785	0.0255326786455412	0.0723865887429624	0.270939394885473	0.0407844501220707	0.0973653122835766	0.29703539428217	1	0.117164820732858	0.333512001390308	0.346868249449711	0.0341168714176977	0.312701906764476	0.000210561838351583	0.0989942456977232	0.184928760594774	3.69303957773323e-14	0.332600288964155	0.0494312388829794	0.03008	0.0286573152611537	10
Bacteria	Firmicutes	Clostridia	Clostridiales	Ruminococcaceae	DTU089	0.000254531347490456	0.000337819825751168	0.753452959501374	0.487214522874366	0.387369981936309	0.059064122217588	0.231764894516393	0.300888023814653	0.647961508564254	0.200185809181282	0.289475562593786	0.644142509839981	1	0.213149449730379	0.555111874620963	0.565935277280262	0.0746008586718615	0.733901936067643	0.115603520351571	0.735008493526618	0.194631417792084	0.00223406956579164	0.699430650180531	0.321213862475332	0.32398	1	1
Bacteria	Firmicutes	Clostridia	Clostridiales	Ruminococcaceae	CAG-352	0.00168504345948472	0.000966664831600486	1.74315171546567	0.823919971401934	0.193906311695206	0.173311541192194	0.983730115247546	0.685723291666543	0.62609695103495	0.984203178850304	0.695164827666829	0.623369103181329	1	0.571248274988003	0.685750871466855	0.620514781348319	0.203411961513838	0.974566927828935	0.0904515175424228	0.680463221736121	0.876447857383756	0.000211190249492838	0.250314849789623	0.954845612915898	1	1	1
Bacteria	Actinobacteria	Actinobacteria	Actinomycetales	Actinomycetaceae	Varibaculum	0.000475475111021656	9.42150506367826e-05	5.04670015892371	0.0117688510781874	0.435402359371999	2.41629455500813e-05	0.0142668973287215	0.0645956412117187	0.00303159021486595	0.0279374152315983	0.0973653122835766	0.00993982637535227	1	0.119097893260556	0.377210601987165	0.394284991437553	7.54219817476291e-06	1	5.02172906531748e-13	0.00358154198949283	0.365335073411773	0.000836186622677473	0.0246265428093733	0.0185668602542871	0.03486	0.01176885107818	14
Bacteria	Firmicutes	Clostridia	Clostridiales	Lachnospiraceae	Lachnospiraceae_UCG-010	0.000617714868276706	0.000961312719380081	0.642574321366569	0.323651673299009	0.253799369472019	0.0228926295646484	0.256227111058906	0.214274329644812	0.260286993199003	0.243975135881471	0.207889641014989	0.278861314649668	1	0.146122649095249	0.461771836815282	0.41997235033958	0.529063626487566	0.42076940582231	0.19115601555909	0.692132093892536	0.0702085230144774	0.00596400277259608	0.148593767097433	0.417606794047067	0.25564	1	2
Bacteria	Firmicutes	Clostridia	Clostridiales	Lachnospiraceae	Tyzzerella	0.0021210300590708	0.00145618044231158	1.45657090113353	0.749217507297057	0.660256462183721	0.00037975649728818	0.967689815072036	0.909179379128587	0.485589175648501	0.967152377089605	0.910122818178206	0.512380139162365	1	0.984025811841653	0.806744555674254	0.800403434002625	0.59418425178209	0.813954559104531	0.0841882096008546	0.545667383751941	0.750358547346476	0.025346646862922	0.346742926955342	0.680706782429109	0.22038	1	2
Bacteria	Firmicutes	Clostridia	Clostridiales	Lachnospiraceae	Anaerostipes	0.00285252421228116	0.00407814495334501	0.699466116313851	0.0321427216703268	0.017308269894642	0.0753709837970824	0.0027757212767721	0.00967597493321494	0.260286993199003	0.00226460091610668	0.00937207214136535	0.276352270552095	1	0.00528909237229383	0.0601938861120028	0.0138762440338048	0.368930591017606	0.09949711441489	0.0126225032139432	0.184399492117404	0.00554969401691094	0.000763771740079083	0.385334067305873	0.0280785523930687	0	0.032142721670325	14
Bacteria	Firmicutes	Clostridia	Clostridiales	Lachnospiraceae	Lachnospiraceae_UCG-001	0.00058121162910503	0.000710557115446016	0.817966095153666	0.927155725048697	0.44728045330797	0.0426326004803493	0.711008801442317	0.572823288203904	0.533978940458175	0.695681575207381	0.569863487603329	0.526121015050426	1	0.454951496283188	0.677535421114861	0.684829435397088	0.223024369993509	0.71387289276514	0.129441153905168	0.735008493526618	0.376669056478956	0.252583270835942	0.571065219918586	0.693019228418223	1	1	1
Bacteria	Firmicutes	Clostridia	Clostridiales	Lachnospiraceae	Fusicatenibacter	0.00221055163567137	0.00386065993101338	0.572583878189737	0.0206640336671255	0.00760961621552699	0.284649347090558	0.000401325616647531	0.0032806577285135	0.563651775245627	0.00024393862425303	0.00385613064630801	0.531943703735148	1	0.00177406723536865	0.0281536968050633	0.00693112290997785	0.0449833357720221	0.0793036380628649	6.49085447491432e-05	0.184399492117404	0.00257194506466396	3.87926851411968e-05	0.158717655142263	0.0151401431702082	0	0.0206640336671491	16
Bacteria	Firmicutes	Clostridia	Clostridiales	Lachnospiraceae	Dorea	0.00248857095691917	0.00298884875827071	0.832618562592978	0.474523970830035	0.253799369472019	0.751048825907116	0.13978991434825	0.204638553820258	0.652782531125625	0.138292889513475	0.207889641014989	0.644142509839981	1	0.146122649095249	0.290650580460355	0.311085342703584	0.50465390653215	0.712479208505748	0.426590902124878	0.680463221736121	0.474673070632292	0.399708179145729	0.963921844316851	0.294659921826163	0.17043	1	0
Bacteria	Firmicutes	Clostridia	Clostridiales	Lachnospiraceae	Eisenbergiella	0.00208326585568885	0.00147697153267689	1.4104983133379	0.116836750384873	0.6710256217297	0.170461010635824	0.103859443793086	0.214274329644812	0.625297492836214	0.122004111905642	0.223488501594043	0.623369103181329	1	0.261892005040934	0.407674273257578	0.43288200775443	0.488949149580534	0.154522195452383	0.0245916349454697	0.394769176866183	0.245996630044171	0.00735407341492434	0.925650882684122	0.0848946741971859	0.05439	1	2
Bacteria	Firmicutes	Clostridia	Clostridiales	Lachnospiraceae	Sellimonas	0.000620743763770105	0.000115277891136328	5.38475988458197	0.175079117491937	0.660256462183721	0.0412928855888672	0.0255326786455412	0.241754465893055	0.900723381170358	0.0515392310326227	0.299848288084525	0.90702536771859	1	0.365511323246834	0.582087305530637	0.684593578600584	2.51880120217818e-05	1	1.62744408673042e-13	0.000781507728046055	0.0518841309542915	1.54328468855876e-20	0.00800188574625153	0.0631016367549752	0.12985	1	7
Bacteria	Firmicutes	Clostridia	Clostridiales	Lachnospiraceae	Lachnoclostridium	0.00621239151485171	0.00955758976002706	0.649995623460838	0.161269162422502	0.193661641256438	0.0782214343636642	0.0643568291457944	0.214274329644812	0.093339242057038	0.0497631620510472	0.207889641014989	0.0893867883390574	1	0.165579161932476	0.376003894246521	0.159263621836461	0.559793234869882	0.0304061941176772	0.012089839007179	0.0501469380719043	0.0365731270369906	0.0153589351097085	0.013767102257515	0.284954387989843	0.02922	1	7
Bacteria	Firmicutes	Clostridia	Clostridiales	Lachnospiraceae	Lachnospiraceae_UCG-004	0.000337473472853348	0.000685119679044612	0.49257594428458	0.0236635257725119	0.00760961621552699	0.45368563351146	0.035413248816962	0.00856491613064202	0.533978940458175	0.0275928308551292	0.00671816465333802	0.522235408541132	1	0.00358255017298111	0.134910662146043	0.115316460048814	0.152775665746019	0.312701906764476	7.37060541447327e-05	0.215900041022658	0.0436541178249622	0.0152084028801358	0.803294894874582	0.026261851307637	0.01598	0.02366352577253	13
Bacteria	Firmicutes	Clostridia	Clostridiales	Lachnospiraceae	CAG-56	0.000300057344481132	0.00051430309002407	0.583425124797691	0.323651673299009	0.179403263085805	0.14384305132571	0.200576230275014	0.154787575623473	0.905831848354557	0.169881195629453	0.134413752986246	0.908104380321514	1	0.0853061954802839	0.451729757015408	0.460170791649751	0.0255002928718041	0.603343220297118	0.0565501237664154	0.676267228905993	0.154757921340948	0.0233978590490978	0.52843416821239	0.266623329527754	0.25564	1	2
Bacteria	Firmicutes	Clostridia	Clostridiales	Lachnospiraceae	Blautia	0.0144022231000723	0.0210060937285541	0.685621195743548	0.00257463868212144	0.000343529032365262	0.00299428223702571	5.75570474285658e-05	7.25292669801365e-06	0.0113060000486994	0.00016868206579026	2.24475575395612e-05	0.013949003488559	0	6.90273724126946e-07	2.39807370543947e-05	0.000130069031568582	0.3382141558822	0.00708817218234931	0.00790390695952928	0.0206905428554399	0.00211870438738422	0.00424668653235708	0.0641711805409266	0.000115607744324565	0	0.00257463868211582	21
Bacteria	Firmicutes	Clostridia	Clostridiales	Lachnospiraceae	Hungatella	0.00361389350259859	0.00044339670563595	8.15047440962669	0.00180061977226684	0.278336491177506	2.23884642064219e-05	0.000401325616647531	0.00189348324816993	0.0198282731088603	0.00178752475170363	0.00538980668676077	0.0575056869495011	1	0.00274581777930678	0.0637136159957367	0.126195038557011	0.0163826555158885	0.000526517269909097	1.79769828230672e-13	0.000325014888377687	0.0239363878011922	1.79344216816728e-21	0.00440062777678216	0.000115607744324565	0	0.00180061977226833	18
Bacteria	Firmicutes	Clostridia	Clostridiales	Lachnospiraceae	Lachnospiraceae_NK4A136_group	0.00440484228528484	0.00559577667864706	0.787172637194992	0.642154610553654	0.479531558355118	0.0171517780526029	0.417330853989728	0.535727345715409	0.855169857150473	0.415760481216518	0.548731039790395	0.847429767459037	1	0.455036079293106	0.610398783633812	0.604024525310486	0.586986507709848	0.705222739432349	0.341676852957589	0.846658339790579	0.527375200949039	0.220148134320231	0.612109339749636	0.638963113126937	0.34336	1	1
Bacteria	Firmicutes	Clostridia	Clostridiales	Lachnospiraceae	Coprococcus_1	0.000657772082369943	0.000542773086544687	1.21187306201445	0.603554676665277	0.824851196779059	0.719871855528468	0.662736155624837	0.8214504602391	0.652782531125625	0.67401713518956	0.826983290674272	0.644142509839981	1	0.943013455986622	0.757476103382787	0.779136574645608	0.251025307936193	0.605341229394472	0.352678583038345	0.924165341890171	0.488627525394304	0.00021396617971522	0.761621295559026	0.570583914652621	0.16835	1	1
Bacteria	Firmicutes	Clostridia	Clostridiales	Lachnospiraceae	GCA-900066575	0.000206963297925476	0.000226036466835841	0.915619062811593	0.927180287748876	0.369024815350009	0.00264194017689975	0.864048170664866	0.610467064803207	0.647961508564254	0.861335191170403	0.609017938839241	0.644142509839981	1	0.441283524505214	0.673820061989607	0.676048020098326	0.00114208872763021	1	0.849555651597244	0.897797665100788	0.820049531380931	0.399708179145729	0.982110554272966	0.938635621672455	1	1	2
Bacteria	Firmicutes	Clostridia	Clostridiales	Christensenellaceae	Christensenellaceae_R-7_group	0.00695378285233833	0.00489997216934738	1.41914741798717	0.436358917120121	0.479531558355118	0.170461010635824	0.533238655814393	0.50920388844779	0.647961508564254	0.526983446963635	0.506587357407245	0.644142509839981	1	0.579515214564625	0.568873279039863	0.622018354617407	0.49429504341509	0.573237422127663	0.150267413900817	0.279984622688745	0.945365955566257	0.963941659681648	0.426261187460861	0.393042584720459	0.12985	1	0
Bacteria	Firmicutes	Clostridia	Clostridiales	Clostridiales_vadinBB60_group	NA	0.00283071670987987	0.00210899686168588	1.34221001524728	0.571323979351297	0.951677713254245	0.776034009012973	0.550313227699292	0.816853872183795	0.881533152107789	0.553116070220112	0.821028637997196	0.888607067970807	1	0.893908547023491	0.745557346159192	0.76265541953953	0.567900256558414	0.765437266050932	0.352678583038345	0.533121938347869	0.982430427639526	0.484115963145711	0.650281923040329	0.407229929487093	0.16835	1	0
Bacteria	Firmicutes	Clostridia	Clostridiales	Family_XIII	NA	0.000859667833275232	0.000303740568076481	2.83027005157497	0.487214522874366	0.824851196779059	0.580609520109212	0.388752416129318	0.641469961609938	0.300908834307345	0.415760481216518	0.665348524511613	0.307148229230649	1	0.763049753211257	0.718818861271204	0.753446629207566	0.0395450665207554	0.484779832911564	2.53503621864064e-05	0.151106780122424	0.376669056478956	0.0248490305099165	0.00264894030483104	0.417606794047067	0.16835	1	4
Bacteria	Firmicutes	Clostridia	Clostridiales	Family_XIII	Family_XIII_AD3011_group	0.000570787570675765	0.000494561285239713	1.15412909928666	0.0888720345865241	0.530915116725862	0.000268743994459496	0.110159570520043	0.288750635560952	0.0264431328197815	0.127784423476673	0.305354788831681	0.0314561515629871	1	0.398891233990193	0.482890876587468	0.422015457577141	0.0888826004594123	0.312701906764476	0.771178293205424	0.911489642422613	0.51782063242513	0.0157290961381324	0.433276713348743	0.095999924414343	0.03486	1	5
Bacteria	Actinobacteria	Coriobacteriia	Coriobacteriales	Coriobacteriaceae	Collinsella	0.000996805059244537	0.000899717519652607	1.10790891304353	0.725167906762447	0.977646235250089	0.956157608626606	0.760811144487658	0.924579973664678	0.625297492836214	0.763988364687761	0.924922173611091	0.617593936521925	1	0.808074430593078	0.791838836710598	0.874330361017572	0.624001982869934	0.996360307110311	1	0.885973700792147	0.941017484916052	0.570994917995754	0.571065219918586	0.910900127040346	1	1	0
Bacteria	Firmicutes	Clostridia	Clostridiales	Peptococcaceae	NA	0.000393897625655566	0.000439870546167328	0.895485340147612	0.339240148080765	0.195277543166928	0.127629647093124	0.255486086222119	0.171851616237976	0.920208786894607	0.233894725845176	0.173276779677894	0.920582671578367	1	0.0929094383605577	0.432174003726693	0.415052046314893	0.390633060750102	0.385445591363112	0.79377114550171	0.885973700792147	0.265844126083975	0.122602069013115	0.805051082233408	0.336057100704178	0.28463	1	0
Bacteria	Firmicutes	Clostridia	NA	NA	NA	0.00382906701232166	0.000922062006624362	4.1527218178523	0.0277560157884253	0.41541016099099	0.000166261267458711	0.0027757212767721	0.0276439271007733	0.108530747588102	0.00776006967126613	0.0447629342277522	0.165218428139844	1	0.0408914376157784	0.194216494356483	0.251317768139986	0.11511532284957	0.040073000966874	2.43685498155357e-10	0.0149132792385191	0.0436541178249622	1.08983032165878e-07	0.0084190519331332	0.00484518043327564	0	0.0277560157884504	16
Bacteria	Firmicutes	Clostridia	Clostridiales	NA	NA	0.00788250433438602	0.00312273542995081	2.52423060204949	0.0571982303297082	0.0800391079030815	0.000363983155197299	0.0252990905378099	0.0293239921903845	0.00233497833986323	0.0335060187945792	0.0393639436180408	0.00359516578875367	1	0.0408914376157784	0.170873548263392	0.119883439501415	0.105801526142276	0.0219177286293366	1.43646572588959e-05	0.0149132792385191	0.0455951705972915	0.00129036261873092	0.00800188574625153	0.0323056255765217	0	1	16
Bacteria	Firmicutes	NA	NA	NA	NA	0.000327467433123231	0.000157304140976078	2.08174706076575	0.436358917120121	0.774784549070302	0.0297693038999093	0.403995635635352	0.527127898209825	0.625297492836214	0.417969970603349	0.548731039790395	0.623369103181329	1	0.740667220593911	0.668779264070458	0.679466870132764	0.0963172721878086	0.191980166491121	0.00064896800596977	0.047368820012169	0.491618015164984	0.0715599202823504	0.0183646090708017	0.291235602683132	0.16835	1	4
Bacteria	Synergistetes	Synergistia	Synergistales	Synergistaceae	Cloacibacillus	0.000901649871536307	7.43900924605716e-05	12.1205639314698	0.00180061977226684	0.278336491177506	0.00285960450941422	0.000122153294728435	0.00189348324816993	0.260286993199003	0.00154682580965542	0.0067675271759323	0.301362126095993	1	0.00348847038257837	0.166104409553462	0.199800285362035	4.87374975180477e-06	2.59384028480571e-05	2.16705135914192e-22	6.72809867292762e-06	0.00931707595864594	5.82496529224732e-29	0.000941373894435672	8.73710475742013e-05	0	0.00180061977226833	17
Bacteria	Firmicutes	Clostridia	Clostridiales	Family_XI	Murdochiella	0.000263012459043787	0.000123109964885743	2.13640268103306	0.119541475595752	0.848929892893379	0.0216153529894879	0.231764894516393	0.486360314477316	0.075608824890347	0.24478023856935	0.506587357407245	0.111395987305316	1	0.682426176546857	0.59854995800131	0.592954561270833	1.47412055122309e-05	1	0.000137619930895568	0.545667383751941	0.717070577947041	0.00178479670541165	0.699430650180531	0.294659921826163	0.16835	1	4
Bacteria	Firmicutes	Clostridia	Clostridiales	Peptostreptococcaceae	Romboutsia	0.00157033408900166	0.00124085144187077	1.26552948726412	0.603554676665277	0.959694190338899	0.0598223959814565	0.77942247058281	0.828061196178897	0.647961508564254	0.778206085779093	0.830416800639765	0.644142509839981	1	0.936221075904416	0.780957792129964	0.816044370629407	0.483512227479891	0.896400152525178	0.388914560899919	0.885973700792147	0.831100248314515	0.484115963145711	0.52843416821239	0.774522036338741	0.22979	1	0
Bacteria	Firmicutes	Clostridia	Clostridiales	Peptostreptococcaceae	Intestinibacter	0.0014965409871283	0.00130648577997573	1.14547055166273	0.50035450546534	0.996286094240263	0.119764756692258	0.854617557047165	0.816853872183795	0.793733418421995	0.852150523158077	0.821028637997196	0.796223709791124	1	0.893908547023491	0.764412013222981	0.760718458862905	0.542680848135017	0.896400152525178	0.920851507737806	0.911489642422613	0.941017484916052	0.484115963145711	0.982110554272966	0.774522036338741	0.16835	1	0
Bacteria	Firmicutes	Clostridia	Clostridiales	Family_XI	Peptoniphilus	0.00242063579446264	0.000921827281735332	2.62591034397009	0.11629450561514	0.382228901012821	0.00148939492649251	0.245726909544852	0.192753121478843	0.260286993199003	0.24478023856935	0.207889641014989	0.29703539428217	1	0.253253098457334	0.394327126468096	0.381685127375815	0.241779000700829	0.09949711441489	4.48133917997992e-08	0.0261710708037801	0.474673070632292	0.156432419849216	0.0604665575573599	0.17274001554783	0.03486	1	4
Bacteria	Proteobacteria	Gammaproteobacteria	Betaproteobacteriales	Burkholderiaceae	Sutterella	0.00336287021939801	0.00416814106437512	0.80680336088917	0.552952341072288	0.660256462183721	0.000166261267458711	0.69064451277013	0.641469961609938	0.0786084232817384	0.688751141804741	0.64652983366719	0.0929022433082875	1	0.74324092531033	0.630577309967983	0.645787084792615	0.346122640697072	0.705222739432349	0.838210677599594	0.846658339790579	0.474673070632292	0.399708179145729	0.0572192962030416	0.462372711710079	0.12985	1	1
Bacteria	Actinobacteria	Actinobacteria	Bifidobacteriales	Bifidobacteriaceae	Bifidobacterium	0.0160114828213848	0.00848338207409077	1.88739381081111	0.00113443997872913	0.00394100968756828	0.000363983155197299	0.00266177000155868	0.0025052624946643	0.00233497833986323	0.00363731028015839	0.00385613064630801	0.00359516578875367	0	0.00331939960381697	0.0280208538603438	0.003543494989753	0.260050380328342	7.54283058966316e-05	0.262257549189458	0.00965033781916119	0.00257194506466396	0.000100890712849346	0.0230458686892176	0.00171971658260551	0	0.00113443997872993	21
Bacteria	Proteobacteria	Gammaproteobacteria	Betaproteobacteriales	Burkholderiaceae	Parasutterella	0.00425228061301402	0.00477993041177054	0.889611405752438	0.852809673264181	0.835758637707653	0.00913107267860578	0.987947237670607	0.909179379128587	0.191739694552472	0.987268801148462	0.910122818178206	0.178289136184708	1	0.824074749336005	0.841653315114152	0.886034052842598	0.519556690294702	0.573237422127663	0.511187580003402	0.729625724072108	0.499078707214243	0.327911507734821	0.47538087151776	0.855921986894425	1	1	1
Bacteria	Actinobacteria	Actinobacteria	Corynebacteriales	Corynebacteriaceae	Corynebacterium_1	0.00212624059161619	0.00103969826602206	2.0450554368541	0.0121777846434287	0.171890904826525	4.40751964440183e-05	0.0411173231495682	0.0253658319915806	0.647961508564254	0.0516838653583965	0.0392251495231036	0.644142509839981	1	0.0408914376157784	0.225134703780604	0.223864532659729	0.430328271931535	0.088466213943052	0.161288609118888	0.98939438695986	0.23291711781059	1.2771632699252e-05	0.873487141876015	0.0222908234905538	0	0.012177784643416	10
Bacteria	Firmicutes	Bacilli	Lactobacillales	Streptococcaceae	Streptococcus	0.00421475361933735	0.00241660196168239	1.74408267731568	0.642154610553654	0.824851196779059	0.0210360404122081	0.941431799603983	0.725000152902224	0.224053647263445	0.942281203032007	0.733700484801552	0.243320129127716	1	0.784895486545986	0.820807444790867	0.857373610024514	0.436603905760358	0.35414606042392	0.00677289321764119	0.381355987152643	0.474673070632292	0.131908561200255	0.0180450352107305	0.648023743929657	1	1	3
Bacteria	Firmicutes	Clostridia	Clostridiales	Ruminococcaceae	Ruminococcaceae_UCG-013	0.00135043439774181	0.00140545966297988	0.96084891890714	0.11629450561514	0.0539765094071015	0.699837956825314	0.043916516302094	0.0380499586758152	0.999556616752048	0.0423449758697843	0.0393639436180408	0.999560455724144	1	0.023930206844338	0.18333544267979	0.0854618625556841	0.232557464005978	0.700005467178682	0.300888905827333	0.846658339790579	0.0436541178249622	0.0103520398218084	0.571065219918586	0.140189018840225	0.01598	1	8
Bacteria	Firmicutes	Erysipelotrichia	Erysipelotrichales	Erysipelotrichaceae	Faecalitalea	0.00147898289578356	0.000405967858097726	3.64310342871413	0.304973529601294	0.951677713254245	0.000505102816045591	0.256227111058906	0.300888023814653	0.0348980232130323	0.279101082458867	0.340551589823436	0.0348945437154462	1	0.398891233990193	0.586604813473333	0.666974511120243	0.173275079798601	0.040073000966874	1.54648033324025e-05	0.0248419588404523	0.0741198201957406	3.24028846556662e-17	0.000941373894435672	0.17274001554783	0.12985	1	8
Bacteria	Firmicutes	Erysipelotrichia	Erysipelotrichales	Erysipelotrichaceae	NA	0.00116987579858142	0.000602317732225928	1.9422901501804	0.0546952346027143	0.278336491177506	0.215943908066905	0.0186281847862209	0.0597078310359919	0.941181012890998	0.0275928308551292	0.0783914721952377	0.939814203606219	1	0.0879484096639311	0.283044003573677	0.225566547575037	0.330064164964381	0.0161388935680495	0.0432144733041471	0.0200352095494459	0.0741198201957406	0.00046661728597574	0.182136698128314	0.0185668602542871	0.01549	1	8
Bacteria	Firmicutes	Erysipelotrichia	Erysipelotrichales	Erysipelotrichaceae	Erysipelatoclostridium	0.000563009122785998	0.000856191413318223	0.657573895309251	0.642154610553654	0.369024815350009	0.909987945265406	0.269902186987106	0.26477287224992	0.260286993199003	0.241513087147981	0.248391994818152	0.29703539428217	1	0.200675945867074	0.567815146956184	0.598912771666199	0.472373870765073	0.35414606042392	0.00377351589594679	0.398899447088529	0.110172124621448	1.78198637055036e-05	0.0924912885762685	0.648023743929657	0.25564	1	2
Bacteria	Firmicutes	Erysipelotrichia	Erysipelotrichales	Erysipelotrichaceae	Dielma	0.000459126175085104	0.000111503386395906	4.11759848669457	0.436888137169438	0.951677713254245	0.730127207559865	0.272832451969996	0.424635690807822	0.533978940458175	0.317524357376175	0.468456241734313	0.526121015050426	1	0.574633105191876	0.657844906344729	0.700294297815478	3.14603077233855e-06	0.152920365834257	4.17783929013375e-09	0.0175804383083371	0.184928760594774	1.04794325342348e-13	0.000941373894435672	0.247775717532462	0.12985	1	5
Bacteria	Firmicutes	Clostridia	Clostridiales	Ruminococcaceae	Intestinimonas	0.00098860318830982	0.00110511553274914	0.894569987493092	0.175079117491937	0.144970067302968	0.450240919744771	0.0955928391982784	0.102663361288915	0.725237212819135	0.0868626599133511	0.0973653122835766	0.742900824279506	1	0.0698984084993982	0.29344867150527	0.179638952809649	0.454886486362396	0.794094837673868	0.776687262858363	0.660073643996882	0.0518841309542915	0.00373584305645372	0.699430650180531	0.154126536105171	0.06261	1	1
Bacteria	Firmicutes	Clostridia	Clostridiales	Ruminococcaceae	Ruminiclostridium_9	0.00264061820353153	0.00244207532740967	1.08130088121911	0.725167906762447	0.530915116725862	0.652584302568156	0.36257438785495	0.424635690807822	0.533978940458175	0.369034241699556	0.441299985647485	0.526121015050426	1	0.34769313297707	0.440670389198832	0.588561581536197	0.617729787837957	0.896400152525178	0.637491457400284	0.804908891002267	0.856388742781831	0.786949506116585	0.372482396833892	0.541646724456888	0.27961	1	0
Bacteria	Firmicutes	Clostridia	Clostridiales	Ruminococcaceae	Flavonifractor	0.00249840811326641	0.00266805985341419	0.936413817729507	0.886684228897433	0.6710256217297	0.889697134318474	0.531933746254671	0.740415103257323	0.974140701862121	0.514594608581928	0.74030855404842	0.972947318789946	1	0.67456576443458	0.731025824905843	0.748558609921268	0.579543033896545	0.66314098637162	0.776687262858363	0.863433265778589	0.784639047688952	0.898989656803994	0.963921844316851	0.780009890039747	1	1	0
Bacteria	Firmicutes	Clostridia	Clostridiales	Ruminococcaceae	GCA-900066225	0.000188170324061084	0.000295678678906178	0.636401396127695	0.432387781357095	0.824851196779059	5.83004153679741e-06	0.726918557040572	0.977464973854561	0.00506779603592449	0.721952321393373	0.977349360585446	0.00698879852657576	1	0.808074430593078	0.721228036449064	0.715342273225945	3.68056368289404e-05	1	0.193860191931733	0.450173597679002	0.800828647763566	0.308432952340573	0.00828204364143605	0.638963113126937	1	1	5
Bacteria	Firmicutes	Clostridia	Clostridiales	Ruminococcaceae	Negativibacillus	0.00200358107555848	0.00181989270267581	1.10093362790707	0.642154610553654	0.369024815350009	0.957310317399425	0.49998793496932	0.427801911349263	0.999556616752048	0.498565671838811	0.441299985647485	0.999560455724144	1	0.34769313297707	0.568203553143681	0.483954757542425	0.538215142237497	0.765437266050932	0.935744698543932	0.983702839271041	0.387561932728766	0.31593350383982	0.47538087151776	0.615235847712243	0.27961	1	0
Bacteria	Firmicutes	Clostridia	Clostridiales	Ruminococcaceae	Ruminiclostridium_6	0.00415198697331805	0.00542639473486094	0.765146506324784	0.925293164285873	0.750469066305375	0.10598997277406	0.972126378782152	0.8214504602391	0.725237212819135	0.970636247929822	0.822668657016243	0.724487143800166	1	0.750661439162323	0.819840101723313	0.841564186746696	0.601151937128007	0.662286974196168	0.366902538118784	0.846658339790579	0.435610013817539	0.486839914070307	0.262004335774256	0.931447483103566	1	1	0
Bacteria	Firmicutes	Negativicutes	Selenomonadales	Acidaminococcaceae	Acidaminococcus	0.0039955130948859	0.0022963654386646	1.73992911912548	0.289968516014035	0.951677713254245	0.000194923888794337	0.345546660530818	0.369110155729009	0.793733418421995	0.357345090110607	0.390352977045171	0.796223709791124	1	0.454951496283188	0.576629219526088	0.650737403901913	0.614518804854934	0.573237422127663	0.100288690582662	0.619247351537573	0.386596262076784	0.0151634817017902	0.614851789718881	0.336057100704178	0.12985	1	2
Bacteria	Firmicutes	Negativicutes	Selenomonadales	Veillonellaceae	Veillonella	0.00138940490200699	0.000603962962010243	2.30048030988931	0.725655728446809	0.530915116725862	0.234872308643921	0.760811144487658	0.9216374272305	0.999556616752048	0.768603741035077	0.924124880514852	0.999560455724144	1	0.952711052573918	0.767912962828782	0.764393502311757	0.376331780415385	0.896400152525178	0.0415522128018036	0.846658339790579	0.827903635787759	0.033635615871705	0.174665970452208	0.774522036338741	1	1	2
Bacteria	Firmicutes	Negativicutes	Selenomonadales	Veillonellaceae	Dialister	0.00828958452933026	0.00929825309190967	0.891520638058665	0.864264100133037	0.912264135525645	0.0716365672456954	0.854617557047165	0.909179379128587	0.647961508564254	0.852150523158077	0.910122818178206	0.644142509839981	1	0.979853252405698	0.844401369246278	0.85843813781775	0.46079989278512	0.794094837673868	0.835115892531762	0.765851766546023	0.810580588970309	0.675302883041187	0.587934140682504	0.938635621672455	1	1	0
Bacteria	Firmicutes	Bacilli	Bacillales	NA	NA	0.000428244006573836	0.000196223749605189	2.18242698672042	0.959471234153105	0.461972611590261	0.170461010635824	0.987947237670607	0.909179379128587	0.625297492836214	0.987268801148462	0.910122818178206	0.623369103181329	1	0.763049753211257	0.718768188474377	0.697579224206645	0.00726271479467792	0.765437266050932	0.009314575118417	0.565662938626342	0.717070577947041	9.37718140034241e-19	0.0604665575573599	0.938490359338233	1	1	3
Bacteria	Firmicutes	Negativicutes	Selenomonadales	Veillonellaceae	Megasphaera	0.00490034578027099	0.00127913154139607	3.83099440650383	0.00180061977226684	0.6710256217297	0.000152806611910513	0.00487794625557382	0.00641855907958614	0.262093175368384	0.0158134263585481	0.0173774810913333	0.326728126842466	1	0.0094854291783829	0.162489866229574	0.357510388411448	0.41103050523055	1.63039869425221e-13	3.24330296494563e-11	0.140189606476896	0.245996630044171	1.20920125042212e-37	0.926161097495167	0.000846930650482291	0.03486	0.00180061977226833	13
Bacteria	Firmicutes	Clostridia	Clostridiales	Ruminococcaceae	Ruminococcaceae_UCG-003	0.00156875792712327	0.00228309937938095	0.687117670518849	0.208930094352567	0.158393729132844	0.0116597573657916	0.0869741229381613	0.102663361288915	0.628399745611533	0.0716133124531235	0.0973653122835766	0.623369103181329	1	0.0698984084993982	0.267535000659323	0.219067939040336	0.514662992559036	0.44170609975154	0.0481537765900011	0.529903608765174	0.110172124621448	0.0125456873456775	0.47538087151776	0.246185400225439	0.08682	1	3
Bacteria	Firmicutes	Clostridia	Clostridiales	Ruminococcaceae	Oscillibacter	0.00375007761649149	0.00321618968074915	1.16600013952473	0.175079117491937	0.377971017345178	0.365395321035812	0.346870714922493	0.339220444937227	0.647961508564254	0.345695159669266	0.340551589823436	0.644142509839981	1	0.422585084161413	0.499775186887454	0.442836540011403	0.620886864884863	0.896400152525178	0.493184627505932	0.680463221736121	0.474673070632292	0.309687660972435	0.761621295559026	0.184634392730275	0.04446	1	1
Bacteria	Firmicutes	Clostridia	Clostridiales	Ruminococcaceae	Oscillospira	0.000379641726370869	0.000585055034288629	0.648899170370317	0.0233674912922648	0.00773371447204008	0.529779282237833	0.0248596899473213	0.00927162754133788	0.4399466131041	0.0171013858616918	0.0074818190020761	0.411532717233947	1	0.00363689087171963	0.145711864609989	0.105667537887709	0.123986334943666	0.498721304540034	0.352678583038345	0.846658339790579	0.0477868462352292	0.000353872264569861	0.654616182593686	0.0494312388829794	0.01598	0.02336749129225	12
Bacteria	Firmicutes	Clostridia	Clostridiales	Ruminococcaceae	Ruminococcaceae_UCG-002	0.0168404064339136	0.0115486511359708	1.45821414428742	0.339240148080765	0.403782200841089	0.0195332856956043	0.910855707665596	0.641469961609938	0.0611580706323499	0.913712600840963	0.650509963744974	0.0640156416497542	1	0.74324092531033	0.824098045158231	0.562590527586727	0.597692225044869	0.42076940582231	0.0562560288580058	0.302947297349779	0.184928760594774	0.0453555638048717	0.0183646090708017	0.572429243455513	0.12985	1	3
Bacteria	Firmicutes	Clostridia	Clostridiales	Ruminococcaceae	Ruminococcaceae_UCG-005	0.00727050147010973	0.00705504652699828	1.03053912433985	0.175079117491937	0.201432867429492	0.0134604116026884	0.255486086222119	0.171851616237976	0.0793153030108674	0.243975135881471	0.173947085053805	0.0747175921287819	1	0.207276097255692	0.305499136670015	0.24532655180749	0.423898609136154	0.385445591363112	0.505536258255659	0.911489642422613	0.358171767049003	0.121857869249302	0.614435312945519	0.171576323478718	0.03486	1	2
Bacteria	Firmicutes	Bacilli	Lactobacillales	Enterococcaceae	Enterococcus	0.000844167382790034	0.000554532425200153	1.52230481830768	0.725167906762447	0.41541016099099	0.0138863772408731	0.760811144487658	0.974162996726575	0.647961508564254	0.768603741035077	0.974721183862074	0.644142509839981	1	0.881515471812294	0.782712741886545	0.773584694269782	0.321658106557879	0.996360307110311	0.111415932730893	0.279984622688745	0.876447857383756	0.918207222902297	0.399600350698753	0.505280240264676	1	1	1
Bacteria	Firmicutes	Bacilli	Lactobacillales	Lactobacillaceae	Lactobacillus	0.00289949676073963	0.000427114816149595	6.78856516118628	0.000258780475666526	0.0276196509506694	0.0229031764602769	4.46909769315913e-05	5.26756737570191e-05	0.999556616752048	0.00024393862425303	0.000331726501234637	0.999560455724144	1	7.18370189626638e-05	0.01430438939945	0.0191657861245383	0.0125241684335196	6.85211149159081e-05	4.90385457132042e-16	0.00127321184890458	0.0057010705076681	7.97914927154138e-14	0.00382256820691485	3.2935828970526e-05	0	0.00025878047566595	20
Bacteria	Firmicutes	Erysipelotrichia	Erysipelotrichales	Erysipelotrichaceae	Coprobacillus	0.00176104429487167	0.00014505651799356	12.1404009914939	0.00424858118589179	0.536714034561632	0.0234596012351199	0.00054535070314261	0.00837712586573776	0.915905015139768	0.00305552272149971	0.0207122068179202	0.920582671578367	1	0.0140646973053227	0.185285322012262	0.299337910306739	0.00198975045068711	0.040073000966874	2.21103944375096e-22	0.000189210436010241	0.0365731270369906	2.45329861140282e-31	0.0106754463333942	0.000742180054875894	0	0.00424858118588831	17
Bacteria	Firmicutes	Erysipelotrichia	Erysipelotrichales	Erysipelotrichaceae	Holdemanella	0.00273152629803142	0.00144492702584071	1.89042508665248	0.268913868117518	0.824851196779059	0.151420343823476	0.403995635635352	0.479893688709833	0.7816777896104	0.415760481216518	0.500667190475898	0.796223709791124	1	0.571248274988003	0.604431897654847	0.611308479973016	0.555626751895106	0.974566927828935	0.0200460137010591	0.394769176866183	0.941017484916052	0.353954865121903	0.587934140682504	0.41670607314534	0.12985	1	1
Bacteria	Firmicutes	Clostridia	Clostridiales	Ruminococcaceae	Ruminococcaceae_UCG-010	0.00124541936598005	0.000940708025898614	1.32391701961973	0.109235810861422	0.250210782604903	0.909987945265406	0.110232177900816	0.192753121478843	0.852706587188877	0.123175443320078	0.207889641014989	0.847429767459037	1	0.258969842894614	0.37817014868664	0.295740161918132	0.39753491079321	0.758282338159322	0.442336288046874	0.590316947071515	0.476366431821248	0.0181161615149913	0.982110554272966	0.17274001554783	0.01549	1	2
Bacteria	Firmicutes	Erysipelotrichia	Erysipelotrichales	Erysipelotrichaceae	Turicibacter	0.000692252075718935	0.000479173028121668	1.44468080441114	0.714386532003484	0.750469066305375	0.00881652837872925	0.760811144487658	0.909179379128587	0.533978940458175	0.763988364687761	0.910122818178206	0.522235408541132	1	0.958883507810291	0.754187959975762	0.769432641272296	0.193635126571948	0.808584536848694	0.0928176092559365	0.489067739168874	0.810580588970309	0.00140890115366966	0.430912418982956	0.748559626356276	0.22979	1	2
Bacteria	Firmicutes	Erysipelotrichia	Erysipelotrichales	Erysipelotrichaceae	Erysipelotrichaceae_UCG-003	0.00210713489392767	0.00314782310505501	0.669394315882579	0.18607346647534	0.149249758965394	0.0195332856956043	0.0938043290224919	0.102663361288915	0.440091982477506	0.0834221583491997	0.0973653122835766	0.448337723365206	1	0.0698984084993982	0.246275852086356	0.199190679245796	0.313368450135964	0.44170609975154	0.006133081915004	0.394769176866183	0.109610741367364	0.0236179609006381	0.298876421521114	0.240426771556656	0.04545	1	4
Bacteria	Firmicutes	Erysipelotrichia	Erysipelotrichales	Erysipelotrichaceae	Holdemania	0.000407082717409669	0.000430194717888584	0.946275489870377	0.609789706241124	0.278336491177506	0.0201340100261421	0.446788602909712	0.331914194327679	0.0793153030108674	0.445833581219388	0.340551589823436	0.073387378555595	1	0.238800515607952	0.487414447844763	0.477113643467904	0.524346338049126	0.799646430715515	0.979464173554271	0.828224717483784	0.820049531380931	0.986636790737086	0.452933523610918	0.401300301686589	0.29477	1	1
Bacteria	Firmicutes	Clostridia	Clostridiales	Ruminococcaceae	Ruminococcaceae_NK4A214_group	0.00401592200696513	0.00343821746923705	1.16802443210676	0.487214522874366	0.660256462183721	0.0251686125652912	0.760811144487658	0.685723291666543	0.625297492836214	0.763988364687761	0.691678720114252	0.623369103181329	1	0.763049753211257	0.742004942596012	0.732271293820571	0.583293098450457	0.823575364658334	0.522320483998906	0.735008493526618	0.945365955566257	0.860980348349673	0.763683422009211	0.537601909859483	0.16835	1	1
Bacteria	Firmicutes	Negativicutes	Selenomonadales	Acidaminococcaceae	Phascolarctobacterium	0.00536672450510537	0.00807776964576321	0.664381969337318	0.147632085864562	0.174423722183575	0.000245045278511391	0.0938043290224919	0.219728335325147	0.00233497833986323	0.0725054635519032	0.207889641014989	0.00359516578875367	1	0.168375736381595	0.468627600842415	0.143043656145237	0.46665102681559	0.0574747237173314	0.0221394888283779	0.10444597713681	0.0057010705076681	0.000111261840755369	0.0166501029539268	0.393709930879652	0.05326	1	7
Bacteria	Firmicutes	Clostridia	Clostridiales	Clostridiaceae_1	Clostridium_sensu_stricto_1	0.00149416501502542	0.00193754480583457	0.771164109612335	0.0828742412785381	0.0276196509506694	0.00235655261472509	0.0473289134205158	0.0322450537541669	0.848114275412128	0.0455042752083387	0.0339622817347778	0.844315920879409	1	0.0212089247481552	0.148558114425276	0.0867105552240799	0.404349289805436	0.646807810097134	0.412098824440953	0.729625724072108	0.0968800532828464	0.00528185275855397	0.985837738009157	0.154126536105171	0.02922	1	9
Bacteria	Lentisphaerae	Lentisphaeria	Victivallales	Victivallaceae	Victivallis	0.000341997171579689	8.91647662123069e-05	3.83556404741053	0.313165828136849	0.912264135525645	0.00291939849656912	0.1633344245185	0.528873337501655	0.375533163024096	0.212911464976585	0.564731710414943	0.389780732883177	1	0.74324092531033	0.659926144398514	0.68637518842382	8.83434123177818e-06	1	2.20481861944871e-08	0.00216923272400441	0.313582102540693	9.22851583983355e-08	0.0244362537759111	0.143351322799281	0.18045	1	6
Bacteria	Firmicutes	Clostridia	Clostridiales	Family_XI	Anaerococcus	0.00154336468296331	0.000465692099874875	3.3141311252177	0.185254494370005	0.537990445497706	0.00801101543835032	0.186476595774782	0.241519235754433	0.485589175648501	0.216693122931993	0.265716242402921	0.522235408541132	1	0.324067601305132	0.498155164214203	0.540605889218217	0.296274754216262	0.507963299058861	6.10996842922921e-12	0.00649157278319326	0.450416679040072	0.0797543966541022	0.0313529722242881	0.305749432066373	0.10226	1	4
Bacteria	Firmicutes	Clostridia	Clostridiales	Lachnospiraceae	Lachnospira	0.00311990711841266	0.00377822030227183	0.825761037951301	0.00203512522375928	0.000512959563292169	0.262914049461325	4.28618172093199e-05	0.000212791936229272	0.915905015139768	1.60404360509466e-05	0.000324462473893808	0.920582671578367	0	7.18370189626638e-05	0.00371740155848471	0.000854560549195469	6.72383171906977e-05	0.573237422127663	0.341676852957589	0.693212682547535	0.0121640696167378	0.00140498296989353	0.285837721513558	0.00083750136145761	0	0.0020351252237561	16
Bacteria	Actinobacteria	Coriobacteriia	Coriobacteriales	Coriobacteriales_Incertae_Sedis	NA	0.000366114532726375	0.000236948812353031	1.54512077562516	0.323651673299009	0.848929892893379	0.0534229344107934	0.302393869878251	0.555743370785078	0.533978940458175	0.317524357376175	0.569863487603329	0.526121015050426	1	0.74324092531033	0.672722646576782	0.662893806671924	0.133078648406608	0.606154725944672	0.000853465715205606	0.565662938626342	0.474673070632292	0.0481161376791152	0.612109339749636	0.41670607314534	0.16835	1	2
Bacteria	Firmicutes	Clostridia	Clostridiales	Family_XI	Finegoldia	0.00103779685898892	0.00068565087225297	1.51359372675899	0.422353106817071	0.848929892893379	0.00448252296018618	0.680595856732555	0.589989299958634	0.647961508564254	0.68705598268814	0.599978262422515	0.644142509839981	1	0.74324092531033	0.678357357570991	0.675084487917295	0.361521085460292	0.579075781132973	0.000192744402969509	0.219187914582552	0.784639047688952	0.0136575942473784	0.699430650180531	0.417606794047067	0.12985	1	3
Bacteria	Firmicutes	Clostridia	Clostridiales	Lachnospiraceae	Roseburia	0.007921671392224	0.0163690813171987	0.483941110604713	0.00424858118589179	0.00191258482273217	0.00141902491219307	0.000401325616647531	0.00168709207176446	0.00872198168374748	0.000251336277188213	0.00170212203810692	0.00698879852657576	0	0.000730746246745969	0.0105872435519622	0.00215872787639829	0.0207715866089077	0.0219177286293366	0.00125283037774529	0.0227705128306074	0.00176776754092706	8.39838336138863e-05	0.0084190519331332	0.00435274968824611	0	0.00424858118588831	23
Bacteria	Firmicutes	Clostridia	Clostridiales	Lachnospiraceae	Agathobacter	0.0196071553241628	0.037194401385049	0.527153404653108	0.00027173908135766	3.27171947172064e-05	5.67637331158637e-05	1.12643990149171e-06	1.31271081145266e-05	0.000708370201551517	4.12838805857405e-07	2.24475575395612e-05	0.000754833069474076	0	2.97956484796905e-06	0.000237165780203564	2.46467119506796e-05	0.000289510927795688	0.0278915750649137	0.00125283037774529	0.0227705128306074	0.000251431582060757	3.70580227671209e-05	0.0246265428093733	0.000115607744324565	0	0.00027173908135745	23
Bacteria	Firmicutes	Clostridia	Clostridiales	Lachnospiraceae	NA	0.031838452658753	0.0356006943516738	0.894321114758148	0.18443443683695	0.0439375959511801	0.105348235223983	0.0938043290224919	0.0745840727152172	0.260286993199003	0.0895793555924847	0.0797449143392295	0.276604235380928	1	0.0408914376157784	0.104663553773696	0.0334836839771882	0.633078613254902	0.0445099213691159	0.300888905827333	0.238684899085272	0.876447857383756	0.007942529341267	0.450827674680855	0.23259662640839	0	1	6
Bacteria	Firmicutes	Clostridia	Clostridiales	Lachnospiraceae	Coprococcus_3	0.000863913195206764	0.00133148959796538	0.648832102426403	0.0828742412785381	0.0267323169805064	0.537429133852151	0.0313567215866295	0.0190678744985058	0.915905015139768	0.0275928308551292	0.0173774810913333	0.920582671578367	1	0.0100622211469677	0.143599981270059	0.0879753700490934	0.442816046233332	0.365317143732735	0.0007371197475185	0.457691247653176	0.0224776794330202	0.000152345350506381	0.614435312945519	0.240426771556656	0.02922	1	10
Bacteria	Firmicutes	Clostridia	Clostridiales	Lachnospiraceae	Tyzzerella_4	0.00590770130912038	0.00355223932303615	1.66309214325993	0.289968516014035	0.959694190338899	3.42333422377707e-06	0.403995635635352	0.296555397028892	0.0176795638811759	0.415760481216518	0.327486389618304	0.0260615730323188	1	0.373931677291559	0.551226904023643	0.647574082626073	0.655315267150262	0.385445591363112	0.936659016264545	0.290805757939942	0.23291711781059	6.86890868120573e-13	0.699430650180531	0.154753455950598	0.12985	1	4
Bacteria	Firmicutes	Clostridia	Clostridiales	Lachnospiraceae	Lachnospiraceae_ND3007_group	0.000478881609830997	0.00126846369906329	0.37752882497515	0.00027173908135766	2.51454311238999e-05	0.730127207559865	4.28618172093199e-05	7.26356904930579e-06	0.647961508564254	8.51584390607558e-06	3.76481633850197e-06	0.644142509839981	0	6.90273724126946e-07	0.00612872409773077	0.00089939464533407	0.0623171610854203	0.0278915750649137	2.96012817098796e-07	0.0149132792385191	1.00487076559741e-05	5.7725510563078e-10	0.0535415121366239	0.000386491793363506	0	0.00027173908135745	18
Bacteria	Firmicutes	Clostridia	Clostridiales	Lachnospiraceae	Coprococcus_2	0.00207310705477908	0.00169857719404092	1.22049622593081	0.983426361048752	0.488584244086779	0.00391840297334618	0.983730115247546	0.881330761594304	0.533978940458175	0.984203178850304	0.883967297482118	0.526121015050426	1	0.767855062274276	0.755735725504557	0.728034796789822	0.641738763909886	0.965766893965398	0.341676852957589	0.735008493526618	0.876447857383756	0.0481161376791152	0.587934140682504	0.938635621672455	1	1	2
Bacteria	Fusobacteria	Fusobacteriia	Fusobacteriales	Fusobacteriaceae	Fusobacterium	0.00330186270158619	0.00144632791373578	2.28292814529014	0.268547702280192	0.750469066305375	0.458664511153177	0.415987034604564	0.682387912355729	0.818185598190051	0.473623815480115	0.691678720114252	0.830568470007764	1	0.777214209663455	0.679195754073365	0.691072450439186	0.269253643207571	0.00181765039609948	0.553236823887337	0.440622551875205	0.831100248314515	0.0715599202823504	0.51168649797801	0.28801493881996	0.16835	1	1
Bacteria	NA	NA	NA	NA	NA	0.00104560040701096	0.00134124177086516	0.779576381919946	0.852809673264181	0.951677713254245	0.518075869378942	0.99864614180866	0.974162996726575	0.948818862678344	0.99862873141965	0.974721183862074	0.948197676710391	1	0.893908547023491	0.803667206994839	0.859673091951151	0.575725938436334	0.573237422127663	0.300888905827333	0.184399492117404	0.970815487600724	0.918207222902297	0.450827674680855	0.772092761342463	1	1	0
 	 	 	 	 	N significant	 	 	 	32	20	73	36	31	18	35	31	17	7	31	11	15	30	24	61	28	27	79	36	32	46	32	 
 	 	 	 	 	Proportion significant	 	 	 	0.240601503759398	0.150375939849624	0.548872180451128	0.270676691729323	0.233082706766917	0.135338345864662	0.263157894736842	0.233082706766917	0.12781954887218	0.0526315789473684	0.233082706766917	0.0827067669172932	0.112781954887218	0.225563909774436	0.180451127819549	0.458646616541353	0.210526315789474	0.203007518796992	0.593984962406015	0.270676691729323	0.240601503759398	0.345864661654135	0.240601503759398	 
